100	10.43
96	7.27
114	13.87
98	8.5
87	6.05
77	4.26
115	16.14
106	13.05
82	4.65
100	9.33
86	4.83
88	6.65
108	11.21
84	5.24
57	1.49
70	3.2
86	6.15
80	3.99
72	3.28
62	2.12
82	5.03
85	4.72
68	2.58
65	2.1
52	1.17
43	0.61
132	25.8
116	16.32
101	9.9
130	23.67
111	12.92
104	10.23
90	6.67
99	8.09
106	12.2
90	6.36
92	7.57
81	4.98
95	8.48
74	3.32
86	6.1
92	7.34
86	6.13
81	4.63
76	4.1
67	2.53
54	1.32
60	1.89
46	0.84
37	0.52
121	17.51
126	19.25
132	22.16
126	19.84
113	15.45
102	10.95
112	13.38
119	15.57
116	14.2
112	12.53
111	14.25
91	7.01
97	7.11
76	3.94
102	8.81
93	6.19
56	1.39
150	35.54
123	19.42
118	17.19
69	2.74
67	2.75
107	13.03
28	0.2
123	24.4
117	21.27
115	17.92
116	22.63
110	17.34
118	22.47
111	16.43
112	15.58
118	21.12
88	6.47
75	4.09
84	5.01
59	1.99
61	2.35
45	0.88
40	0.57
40	0.59
41	0.67
44	0.67
43	0.78
39	0.55
40	0.61
37	0.59
39	0.51
138	30.05
118	15.5
110	15.46
120	19.71
105	13.33
136	28.36
122	21.74
100	11.26
101	11.1
111	13.52
110	14.07
95	7.85
92	7.9
88	6.35
101	8.65
83	5.65
87	6.39
89	7.43
95	8.35
87	5.91
100	10.61
87	5.95
93	6.89
101	11.06
45	0.71
45	0.76
33	0.28
45	0.76
40	0.5
34	0.27
45	0.71
163	49.77
122	18.37
129	20.67
125	20.96
116	16.47
116	15.82
112	15.59
105	12.98
135	26.58
110	12.52
115	17.01
114	17.48
100	10.9
102	11.51
116	16.77
106	13.74
107	13.93
116	15.59
100	10.34
114	15.88
109	14.66
96	9.75
109	13.19
81	5.52
75	3.97
57	1.78
61	2.3
55	1.58
64	2.17
66	2.7
55	1.38
51	1.29
45	0.94
51	1.26
61	2.13
63	2.64
51	1.45
42	0.61
100	12.03
90	7.99
83	5.65
102	12.27
103	16.87
65	2.37
81	5.03
66	3.03
86	6.06
73	3.89
67	2.79
44	0.79
68	3.24
38	0.48
36	0.39
30	0.24
37	0.4
32	0.26
34	0.36
90	7.91
102	11.92
97	11.62
80	5.33
69	3.4
39	0.66
40	0.81
153	42.55
99	11.36
90	7
91	6.22
85	5.47
90	6.99
83	5.4
75	3.49
73	3.65
83	6.43
75	4.47
80	5.3
64	2.65
53	1.56
72	3.23
37	0.49
43	0.8
41	0.69
33	0.35
38	0.45
37	0.35
34	0.31
102	14.7
92	8.11
76	4.78
112	17.43
82	6.75
74	4.21
76	4.1
58	1.75
76	4.04
61	2
56	1.89
45	0.87
85	6.29
76	4.07
79	5.2
71	3.58
72	3.98
73	3.63
62	2.08
57	1.66
49	1.13
40	0.56
42	0.72
41	0.64
35	0.47
41	0.65
40	0.62
37	0.54
31	0.29
114	20.83
103	14.44
107	15.51
95	10.23
101	14.08
92	8.71
92	8.07
102	13.7
85	6.3
102	12.46
103	12.56
76	4.98
73	4.19
80	4.65
83	6.74
77	4.78
77	4.41
135	25.21
117	15.03
146	32.75
128	22.22
125	22.68
117	16.39
141	29.63
121	18.13
134	25.29
116	14.86
122	19.03
116	16.37
143	26.24
67	2.71
64	2.26
67	2.98
105	11.06
146	39.74
108	15.06
140	32.33
92	7.93
138	31.77
107	13.3
112	15.32
111	20.95
90	7.61
103	12.54
103	12.03
108	14.33
78	4.73
105	14.94
110	16.56
103	11.04
99	10.52
90	7.44
110	15.17
93	7.89
80	12.66
87	7.07
45	0.96
41	0.7
43	0.86
36	0.49
103	12.7
96	10.2
70	3.36
91	9.6
90	7.99
122	16.93
102	11.66
105	12.24
120	21.8
77	4.81
67	3.35
91	8.57
71	3.74
64	2.71
77	3.89
62	2.36
51	2.01
59	2.11
61	2.4
60	1.87
61	2.07
67	2.66
60	2.11
57	1.59
70	3.13
50	1.21
55	2.7
52	1.44
50	1.26
55	1.55
44	0.58
46	0.76
40	0.56
54	1.35
61	2.17
49	1.01
45	0.72
50	1.1
104	12.29
125	20.39
84	5.27
58	1.9
69	2.95
84	6.45
85	6.02
76	4.15
75	4.23
75	4.41
78	4.67
74	4.06
66	2.76
152	42
89	6.67
60	2.18
115	9
110	10
105	9
85	4
75	3
140	25
113	14
130	26
100	11
120	18
95	9
95	9
115	10
125	20
116	15
120	15
116	14
98	8
91	7
91	7
100	11
115	15
105	31
85	8
103	11
98	9
95	8
75	5
70	4
65	6
73	9
73	6
134	21.49
128	18.64
100	8.76
95	8.1
99	4.3
97	3.73
60	1.71
94	6.79
88	5.85
104	9.9
80	4.56
76	3.34
106	10.54
99	7.69
90	5.95
101	9.54
97	7.24
68	2.63
88	5.2
59	1.64
80	4.07
75	3.31
75	3.45
82	4.53
74	3.59
79	4.86
39	0.61
113	14.3
95	7.11
99	7.71
110	9.11
99	7.97
115	20.55
115	13.22
56	1.17
89	5.38
32	0.29
38	0.37
95	6.77
93	6.84
33	0.29
31	0.21
97	6.9
110	11.04
72	2.85
103	10.91
85	4.7
106	10.29
100	8.86
97	8.43
78	3.19
90	5.65
107	10.71
103	8.66
67	2.38
92	6.43
85	4.72
64	2.25
30	0.2
27	0.13
60	1.52
115	13.76
88	5.52
100	8.87
126	16.59
119	14.65
114	12.6
100	8.05
94	14.55
124	18.78
110	29.85
122	13.73
84	4.76
83	4.73
80	4.23
119	14.32
72	2.82
106	10.72
120	14.94
74	3.49
76	3.94
115	12.86
92	5.16
93	6.3
28	0.18
90	5.84
102	8.83
72	2.92
75	3.49
95	6.77
35	0.35
34	0.34
105	11.24
88	5.88
91	7.52
82	4.91
63	2.08
82	4.52
77	3.8
102	10.05
74	3.26
75	3.14
101	8.81
44	0.53
102	7.75
68	2.82
75	2.99
40	0.55
68	2.37
62	1.9
33	0.31
71	2.59
54	1.17
69	2.74
110	12.48
70	2.61
80	3.78
74	3.54
62	1.69
102	8.09
72	3.27
75	3.67
71	3
98	8.54
103	10.08
76	3.76
86	5.28
77	4.04
79	3.87
78	3.92
122	17.93
46	0.76
94	6.79
77	3.4
75	3.06
92	6.51
97	8.37
102	8.99
75	2.82
87	4.89
71	2.89
74	3.16
85	4.42
80	4.15
64	1.84
65	2.26
72	3.06
81	4.46
103	9.7
90	5.69
80	4.27
105	10.44
114	11.79
94	6.86
95	7.53
85	4.72
130	19.76
82	4.69
97	7.77
95	6.95
99	8.66
103	8.62
80	3.81
122	15.57
99	7.76
102	8.95
102	8.44
76	3.8
94	6.86
142	25.85
110	11.12
99	8.07
47	2.44
77	3.4
93	6.58
92	6.73
64	2.31
121	17.37
126	20.72
45	0.94
140	25.4
116	13.27
82	4.08
91	6.94
96	8.15
86	5.25
103	10.37
107	12.75
102	9.69
74	2.97
102	9.81
98	9.7
73	3.2
78	4.18
106	11.46
102	7.5
93	5.96
83	5.13
76	3.83
86	5.12
30	0.25
83	5.14
101	9
112	12.63
100	6.34
80	3.9
115	11.22
130	19.95
115	13.18
104	10.25
79	3.91
115	14.3
118	15.6
128	17.4
76	3.79
76	3.08
92	7.34
86	5.27
96	6.51
66	8.58
73	3.16
86	4.95
71	7.55
101	8.1
80	4.06
77	3.48
80	3.81
66	2.39
51	1.06
87	5.43
90	11.46
95	6.91
76	3.32
92	6.67
76	3.08
82	3.99
82	4.02
31	0.22
89	4.71
117	12
85	5
115	12.1
85	5.21
35	0.34
92	5.94
96	7.18
80	4.37
86	4.7
84	4.51
96	7.33
98	7.49
38	0.39
68	2.19
77	3.55
83	4.84
108	9.71
63	6.43
97	7.31
94	7.35
98	7.65
75	3.22
79	7.19
34	0.3
28	0.17
28	0.16
30	0.22
155	39.15
124	19.72
100	8.69
106	10.39
108	11.97
124	17.63
106	9.84
109	16.27
99	8.15
105	9.57
99	8.37
105	9.75
105	10.58
87	5.19
81	4.58
101	9.26
88	6.16
70	2.66
102	9.71
100	8.54
109	12.12
116	12.42
140	25.54
150	41.31
104	9.99
90	6.42
88	5.54
111	12.17
85	5.49
83	5.19
75	3.19
100	8.45
77	3.52
83	4.25
73	3.34
85	4.93
80	4.2
80	4.3
66	2.4
76	3.19
47	0.89
37	0.42
32	0.27
34	0.31
36	0.37
28	0.23
102	8.39
100	7.37
115	12.59
113	11.87
130	17.93
106	10.02
107	10.2
63	2.02
90	5.95
97	7.43
97	7.73
87	5.25
73	3.1
94	7.52
87	5.14
92	6.52
27	0.18
32	0.3
71	3.03
80	4.03
66	2.48
79	3.72
94	6.85
80	4.04
91	6.11
91	6.21
69	3.07
83	4.78
77	3.43
75	3.54
123	17.42
145	28.78
90	5.87
100	8.63
102	8.82
109	10.83
99	7.76
103	9.38
88	5.8
105	8.46
86	5.51
85	4.63
47	0.97
48	1.03
45	0.66
37	0.38
38	0.53
35	0.32
130	20.11
106	9.53
96	6.57
99	8.28
105	8.63
102	7.75
94	6.62
108	10.49
88	5.88
86	4.88
65	2.4
86	4.9
92	6.7
90	5.2
73	3.14
77	3.49
121	16.75
77	3.86
87	4.85
75	3.29
88	5.75
90	6.13
91	5.86
125	16.88
125	14.62
120	15.44
86	5.72
102	10.11
77	3.73
72	3.01
82	4.05
78	4.6
93	6.08
121	15.96
45	0.68
87	5.62
103	10.12
98	7.62
70	2.43
115	11.75
89	5.59
40	0.51
86	4.92
90	6.69
53	1.07
62	2.81
50	1.13
50	1.1
120	15.68
125	18.78
124	16.16
106	9.66
85	4.79
113	13.7
105	10.1
83	4.41
93	6.97
100	9.32
78	4.11
66	2.15
82	4.44
37	0.34
103	10.24
120	15.44
103	8.82
37	0.44
27	0.13
30	0.17
30	0.2
31	0.25
95	7.33
61	1.97
106	9.97
111	11.24
73	3.53
76	3.56
70	2.8
75	3.09
102	10.31
68	2.67
83	4.35
121	13.56
36	0.38
31	0.25
102	8.72
23	0.06
82	4.02
134	22.68
106	12.52
115	12.29
118	14.59
150	34.2
127	17.52
97	7.84
88	5.99
82	4.99
38	0.46
75	8.58
85	5.2
108	11.85
90	7.31
95	5.24
102	9.52
124	17.76
75	4.33
101	9.88
84	5.9
93	8.54
110	12.63
103	10.69
48	0.85
82	3.8
72	4
76	3.64
118	14.72
73	3.71
73	2.96
62	1.85
89	6.19
71	3.38
85	5.08
60	1.86
45	0.63
52	1.25
51	1.02
80	4.39
43	0.69
37	0.41
73	3.22
83	4.88
81	4.81
112	13.61
96	8.21
112	12.99
80	3.92
95	7.8
71	2.94
77	4
84	4.92
78	4.13
138	28.13
133	21.97
129	19.11
110	12.44
116	14.08
137	23.18
116	12.35
109	12.16
120	21.86
105	10.55
115	13.21
113	12.53
93	6.08
132	21.34
100	8.95
102	9.2
92	6.68
75	0.39
110	11.9
124	18.28
118	12.44
86	5.61
113	13.19
111	12.41
105	22.84
135	23.91
112	13.1
120	14.87
145	33.63
117	14.77
137	27.32
130	20.95
126	14.19
67	2.64
107	11.84
80	3.76
65	1.83
87	5.1
65	1.54
93	6.15
98	8.13
115	14.48
85	4.87
105	9.52
95	7.18
72	3.12
85	5.48
76	3.42
61	1.99
74	3.2
62	1.77
92	7.89
92	6.67
70	2.91
120	14.82
66	2.12
86	4.19
95	6.47
85	5.04
73	8.02
67	2.63
85	5.34
72	6.49
76	3.61
149	32.41
96	6.86
113	12.25
86	4.26
82	4.28
70	2.77
79	3.84
85	4.17
68	2.63
77	3.27
88	5.55
66	2.22
40	0.51
37	0.44
142	23.49
97	7.81
105	9.82
88	4.93
84	3.8
67	2.15
78	3.86
91	5.78
91	5.7
98	7.38
48	0.78
51	1.11
30	0.18
97	8.27
99	14.52
123	17.5
102	8.49
112	13.1
90	6.45
85	4.28
67	2.48
89	5.67
76	3.48
133	22.65
77	3.78
88	6.25
117	9.8
123	16.04
91	6.6
95	6.27
78	4.07
99	6.89
96	8.07
56	1.48
74	3.12
77	3.97
82	4.49
70	2.78
85	5.17
74	3.28
34	0.28
52	1.01
40	0.7
62	1.71
43	0.6
31	0.24
111	12.95
83	4.48
60	1.82
92	7.47
86	5.46
62	2.27
68	2.7
91	7.27
74	4.14
147	32.64
112	14.32
102	9.61
108	12.26
120	18.07
141	28.99
108	12.24
110	11.01
107	11.68
120	20.22
130	20.76
135	23.89
145	28.44
69	2.85
77	4.03
76	4.09
81	4.52
74	3.71
77	3.99
95	8.44
69	2.91
128	17.4
114	12.6
158	43.23
122	16.1
164	38.2
160	33.75
128	19.4
110	12.21
103	10.26
117	14.03
118	14.64
103	9.9
94	6.32
96	9.07
90	5.36
100	8.06
103	8.67
105	9.62
79	3.71
84	4.5
98	7.9
78	3.77
98	8.99
84	4.94
78	3.6
88	5.83
144	33.5
145	32.6
147	35.5
120	18.8
145	35.5
139	43.1
128	39.1
95	8.71
106	10.84
136	24.1
88	6.27
105	11.05
98	10.16
132	28.63
87	6.03
113	13.19
111	13.75
104	11.06
74	4.08
122	18.37
96	8.42
97	9.3
106	12.45
66	2.53
98	9.64
71	4.21
78	4.73
93	8.8
110	14.54
74	3.91
146	34.37
104	11.6
86	5.22
60	2.14
147	34.69
143	29.2
146	31.69
135	28.49
143	29.4
151	35.73
131	23.51
118	15.18
162	38.5
132	22.27
140	27.6
100	8.04
116	14.51
120	16.83
120	18.89
75	3.74
121	19.71
135	25.65
133	25.83
128	19.04
123	16.84
134	25.48
129	20.18
111	12.59
112	12.47
73	3.5
88	6.16
89	6.34
67	2.53
112	13.14
65	2.33
74	3.3
78	4.43
137	28.78
135	24.8
152	43.23
141	27.74
109	13.1
96	6.98
87	7.36
85	5.65
132	28.84
138	29.35
122	21.01
126	22.31
106	11.4
96	9.21
132	23.32
85	7.38
99	9.53
107	12.93
106	8.97
97	8.3
83	5.49
74	3.73
82	5.06
84	9.47
93	7.32
95	9.97
79	4.22
78	5.07
89	7.7
112	13.51
92	7.8
113	17.54
97	9.2
97	9.34
102	10.26
100	10.1
87	7.69
92	9.11
119	18.65
92	7.56
91	7.57
80	5.08
86	6.7
98	8.83
140	32.11
145	36.6
148	38.47
147	42.72
142	32.44
141	32.88
145	29.66
91	8.05
95	9.25
88	6.42
119	18.45
121	18.52
77	4.35
127	20.31
112	14.52
107	10.87
103	11.66
99	9.43
100	10.33
86	6.16
134	27.03
112	14.75
106	12.99
93	8.27
86	5.93
107	12.24
92	7.94
101	10.86
86	6.72
75	4.05
75	3.83
146	39.35
126	21.03
104	9.8
107	13.21
115	14.98
92	8.53
136	24.85
130	24.77
100	9.1
132	22.08
90	7.36
77	4.71
68	2.9
84	5.6
89	6.11
112	12.14
84	4.6
90	7.27
67	2.64
106	11.09
70	3.23
80	4.26
86	5.57
78	4.03
68	2.62
66	2.28
67	2.44
57	1.75
78	4.1
56	1.7
150	39.49
116	15.14
92	7.65
74	3.51
62	2.09
70	2.85
106	11.51
85	5.29
78	3.82
75	3.58
90	6.33
90	6.67
98	8.96
75	3.36
78	3.4
78	3.75
86	5.78
74	3.08
72	3.3
77	3.7
102	9.11
98	8.16
85	5.69
110	11.72
115	14.26
97	8.54
88	5.87
70	2.78
60	1.81
115	15.35
90	8.04
89	6.6
99	9.43
31	0.3
95	9.69
133	23.41
98	10.93
107	11.29
96	8.42
157	38.58
83	5.15
96	7.97
96	8.54
82	4.56
73	3.3
73	3.1
71	2.77
43	0.61
135	24.16
99	8.95
81	4.68
118	19.27
127	18.87
83	5.57
83	5.59
71	3.12
78	4.15
63	2.38
60	2.03
57	1.85
82	5.36
55	1.3
65	2.58
59	1.8
52	1.37
56	1.64
115	12.92
107	10.16
71	3.29
74	3.87
67	2.9
61	2.25
56	1.7
60	2
82	4.61
141	30.96
101	9.37
114	14.83
47	1.02
42	0.59
43	0.61
95	7.77
36	0.35
83	4.95
102	9.16
99	9.87
135	27.38
75	3.69
99	10.1
80	4.67
74	3.26
76	3.56
110	12.72
94	6.97
113	13.34
29	0.23
27	0.2
36	0.45
69	2.71
42	0.59
93	7.79
89	6.98
86	6.06
70	2.89
47	0.98
70	3.02
80	4.69
79	4.51
25	0.16
23	0.11
31	0.27
89	6.18
94	7.48
92	6.81
76	4.17
139	24.56
81	4.75
102	9.96
69	3.02
40	0.66
85	6.05
32	0.4
81	4.67
103	10.24
92	6.7
100	8.86
110	11.94
102	8.75
92	6.92
126	17.99
35	0.36
101	9.9
25	0.14
98	7.72
100	8.25
91	6.63
86	5.56
88	6.25
44	0.63
105	9.49
38	0.5
72	3.22
112	13.26
142	27.08
73	3.55
117	15.7
117	15.19
131	20.88
98	7.8
35	0.45
80	4.81
114	13.98
40	0.62
27	0.28
28	0.25
129	21.67
86	4.59
97	7.64
133	20.68
127	18
125	16.8
80	3.93
80	4.33
81	4.55
94	6.66
73	2.96
83	4.74
67	2.41
90	6.13
68	2.98
91	5.6
80	3.85
86	5.5
95	6.45
72	2.95
81	4.15
76	3.54
128	18.34
86	5.66
100	8.71
78	3.9
116	13.73
120	15.09
87	5.04
60	1.8
155	36.4
72	2.93
96	6.94
101	8.24
68	2.48
65	2.19
103	9.32
80	4.3
93	6.58
90	6.61
79	3.75
70	3.06
113	11.92
75	3.31
71	3.31
88	5.66
70	2.76
97	6.94
96	7.36
67	2.36
80	4.28
58	1.46
65	2.38
44	0.78
31	0.24
111	12.46
113	11.65
114	14
104	9.05
73	3.12
80	3.74
59	1.88
81	4.87
50	1.14
28	0.22
50	0.98
27	0.19
93	7.25
73	2.88
79	3.67
72	3.13
121	15.65
85	5.42
107	9.64
71	3.47
82	4.91
75	3.57
74	2.75
95	7.39
82	4.93
75	3.58
92	6.49
43	0.68
70	2.87
63	2.36
80	4.04
66	2.51
29	0.2
70	3.16
100	8.22
85	5.69
130	20.44
85	5.44
69	2.79
81	4.27
72	2.89
74	3.37
70	3.12
59	1.6
67	2.37
67	2.66
25	0.31
129	19.57
133	22.41
107	11.86
92	7.53
21	0.28
145	31.43
114	13.73
70	3.11
118	17.16
98	9.35
65	2.32
95	7.59
93	6.76
83	4.93
100	8.93
92	7.71
101	9.72
76	4.38
76	4.09
59	2.03
99	8.67
100	9.99
90	6.53
143	29.38
97	7.57
107	10.84
73	3.11
103	10.12
82	4.83
92	7.21
107	17.07
108	10.7
70	2.81
77	3.55
94	7.35
146	26.87
112	13.18
72	3.09
77	3.69
70	2.6
38	0.45
37	0.4
68	2.56
115	14.02
129	21.38
129	20.67
108	11.3
123	16.86
100	10.22
91	6.53
107	10.76
90	5.36
98	7.39
97	7.39
90	5.9
76	3.72
55	1.35
147	29.3
135	26.1
111	15.21
116	16.38
136	24.2
104	11.05
100	8.96
126	22.19
122	16.79
96	7.83
99	9.7
106	11.89
99	9.28
103	10.06
107	12.95
97	8.36
98	8.04
76	3.81
89	5.59
98	8.55
86	4.46
77	3.91
49	1.02
85	7.46
33	0.35
116	15.84
90	7.35
95	7.4
104	11.41
43	0.72
98	9.74
83	4.69
81	4.57
117	15.42
95	6.84
73	3.55
80	4.93
80	4.63
87	6.52
77	3.55
75	3.72
68	2.6
44	0.75
74	3.74
102	11.45
93	7.61
87	6.26
69	2.95
76	3.32
60	1.79
44	0.76
48	0.95
33	0.33
48	0.97
70	2.74
63	2.24
108	11.7
117	13.55
102	8.77
107	9.45
76	3.28
87	5.5
78	4.13
87	5.44
77	3.7
128	21.31
116	13.03
93	7.61
116	12.74
122	18.03
66	2.37
69	1.7
101	10
66	2.48
74	3.42
66	2.37
28	0.2
97	8.3
81	4.33
77	4.06
92	7.46
86	5.25
75	3.26
91	7.52
84	5.04
90	6.89
78	4.08
71	3.11
40	0.56
64	2.16
83	4.85
93	6.37
70	2.79
93	7.13
70	3.03
98	7.86
93	7.68
102	9
91	6.74
35	0.36
84	5.78
100	9.16
111	14.27
83	4.96
83	5.5
56	1.41
54	1.33
75	3.15
37	0.51
43	0.71
50	1.12
37	0.42
35	0.36
107	11.68
82	5.64
92	6.51
82	4.69
108	13.66
95	6.46
95	7.56
94	7.22
93	6.94
82	4.74
85	6
96	8.48
90	6.12
32	0.26
29	0.17
106	10.71
37	0.41
97	6.91
53	1.19
36	0.39
37	0.45
33	0.28
33	0.33
99	8.5
90	7.19
39	0.6
145	30
153	37.55
130	20.63
137	26.25
157	36.26
154	44.35
142	30.98
133	23.04
156	45.67
124	16.54
101	8.49
78	3.97
103	9.98
86	5.51
80	4.53
146	32.6
128	26
155	30
148	29.4
135	19.8
140	23.8
141	23.4
137	21
137	21.9
125	18
130	18.4
135	27.4
140	24.3
135	20.2
122	15.8
144	31.36
163	46.18
151	37.52
132	24.33
140	28.54
118	17.77
146	34.62
142	29.01
136	26.18
117	15.26
128	20.41
131	23.5
120	14.88
98	9.69
125	17.83
126	16.47
134	21.99
138	29.25
136	24.3
146	30.31
143	30.2
132	22.82
146	31.69
106	10.42
116	16.16
132	22.99
126	22.56
120	14.45
117	16.29
128	20.87
125	21.31
135	21.5
132	20.52
123	15.18
139	29.76
127	21.27
127	22.55
115	15.32
130	23.28
110	17.03
78	4.04
82	5.1
97	8.49
102	9.84
118	17.01
105	11.44
105	9.08
85	5.14
87	5.17
125	20.82
130	21.09
107	10.82
107	11.2
122	20.43
108	12.4
137	27.33
107	12.59
113	14.22
87	7.19
87	5.33
78	3.71
115	13.93
113	14
113	15.06
111	15.19
113	14.59
125	20.51
108	13.04
118	15.65
122	18.65
108	12.94
120	16.53
100	8.79
110	11.82
126	19.28
100	8.75
120	16.26
131	25.24
132	22.21
117	15.78
96	7.58
91	6.29
123	20.04
86	6.92
60	1.76
100	6.97
71	2.78
60	1.39
98	6.11
60	1.35
43	0.63
95	6.78
88	5.05
45	0.56
61	1.74
42	0.47
75	3.03
52	1
46	0.68
32	0.35
42	0.55
50	0.91
42	0.52
57	1.21
80	4.5
45	0.68
45	0.69
37	0.35
82	4.39
68	2.11
51	0.85
62	1.79
60	1.4
60	1.14
42	0.38
46	0.65
50	0.86
48	0.73
46	0.6
42	0.52
60	1.11
52	1.03
46	0.62
60	1.48
37	0.44
55	1.04
48	0.52
86	5.7
67	2.34
57	1.54
62	1.48
58	1.37
52	0.98
147	26.34
151	26.95
131	18.81
143	25.33
134	18.34
130	17.37
120	13.04
119	12.01
130	15.71
125	13.29
147	26.71
143	23.14
135	19.29
125	13.53
140	20.76
134	18.27
145	19.52
145	23.96
113	9.35
131	15.86
150	27.58
128	14.98
112	9.72
110	8.46
121	11.48
136	19.31
125	14.07
149	25.3
120	12.44
130	18
126	14.25
133	17.76
140	19.41
145	21.88
136	18.61
139	20.32
120	11.82
135	18.75
114	10.79
130	17.24
117	9.86
150	29.25
105	7.84
139	20.28
138	20.02
130	16.21
117	12.27
145	21.61
134	19.26
115	11.4
111	10.5
125	15.52
146	24.93
146	26.2
131	16.81
144	21.85
130	16.5
145	23.68
128	17.67
134	20
130	17.62
130	15.48
142	21.19
146	24.26
106	9.01
133	19.2
139	19.33
144	23.29
138	20.2
136	19.68
107	9.06
130	14.74
139	22.24
145	24.36
138	18.93
120	12.49
115	11.27
125	13.96
123	12.87
120	12.82
115	11.85
145	26.96
102	7.48
142	21
139	21.65
107	7.76
143	30.04
146	34.53
130	23
102	23.01
82	4.35
83	4.4
47	0.71
46	0.67
42	0.48
45	0.56
48	0.72
40	0.34
71	2.71
52	0.83
42	0.42
48	0.78
45	0.59
47	0.43
50	0.81
45	0.56
46	0.54
45	0.56
37	0.33
48	0.73
50	0.67
46	0.64
42	0.54
46	0.5
47	0.67
37	0.34
45	0.55
40	0.46
38	0.36
42	0.48
40	0.54
45	0.82
34	0.29
42	0.63
54	1.33
47	0.92
123	17.35
109	11.25
134	22.58
111	10.66
134	22.01
111	10.86
113	12.56
108	10.69
155	32.88
120	15.29
112	10.58
113	10.49
135	21.08
115	13.7
95	9.33
47	0.85
47	0.96
38	0.51
110	11.85
113	11.88
105	8.88
107	11.78
107	8.88
90	5.3
81	3.68
67	1.87
156	42.55
141	31.07
154	42.45
137	28.17
157	35.74
140	25.47
134	30.82
149	32.74
157	41.8
152	33.5
143	28.9
154.6	31.91
150.6	28.86
183.5	48.27
148	26.01
148.3	24.13
158	32.73
162	37.14
138	21.12
139	22.87
154	33.04
151	29.41
144	23.46
134	16.23
141	19.83
122	12.58
110	8.87
118	10.94
114	10.63
124	13.86
132	20.39
142	21.63
148	25.07
110	8.78
122	12.4
105	10.32
94	6.53
87	6.01
82	4.54
99	6.85
95	6.84
103	9.56
93	7.78
92	5.92
96	7.36
78	3.66
76	3.44
104	10.02
79	3.63
89	6.12
72	3.04
54	1.16
80	3.98
93	6.58
71	2.75
90	5.63
45	0.71
63	1.95
52	1.11
50	0.88
49	0.76
85	4.76
45	0.7
81	4.6
45	0.6
48	0.82
81	4.08
87	5.47
87	5.21
58	1.46
73	3.3
45	0.73
83	5.1
43	0.62
78	3.42
82	4.75
75	2.93
74	3.11
61	1.73
83	4.2
88	5.95
48	0.82
68	2.47
52	1.11
66	2.15
97	9.67
77	4.27
70	1.95
46	0.68
48	0.7
48	0.76
60	1.13
57	1.39
45	0.64
70	2.55
45	0.62
53	1.04
52	1.01
52	0.92
51	0.94
51	0.92
52	1.04
46	0.73
85	5.4
80	4.65
91	6.5
82	5.17
50	0.85
77	4.06
86	4.85
48	0.74
62	1.91
45	0.63
48	0.63
52	1.02
66	2.06
60	1.29
63	1.15
48	0.67
45	0.65
48	0.7
52	0.96
58	1.56
47	0.7
46	0.71
50	0.87
50	0.92
51	1.04
50	0.94
52	1.02
52	1.01
48	0.74
92	7.09
75	3.5
50	0.84
94	6.53
115	10.55
102	10.06
88	5.53
93	6.6
108	9.91
98	7.1
98	8.7
84	4.72
100	7.72
112	11.88
117	13.66
91	6.43
70	2.8
84	4.9
107	10.55
98	7.01
98	8.63
88	5.9
76	3.09
98	7
92	5.84
86	4.86
92	6.71
85	3.93
112	11.99
110	10.25
95	6.85
96	8.07
110	11.52
90	6.14
92	6.18
83	4.43
89	5.67
110	10.85
105	8.72
78	4.19
76	3.23
68	2.27
58	1.6
67	2.55
57	1.45
107	10.91
88	5.42
87	4.59
107	11.46
98	7.9
95	6.33
112	11.56
94	7.11
65	2.21
71	2.37
61	1.87
67	2.44
87	4.84
80	3.9
67	1.96
60	1.87
70	2.42
63	1.87
67	2.31
66	2.21
60	1.78
80	3.61
73	2.79
60	1.53
75	2.82
71	2.32
59	1.56
66	2.22
67	1.88
67	2.08
76	3.05
64	1.82
77	3.34
61	1.54
90	5.29
70	2.58
70	2.15
56	1.36
71	2.73
61	1.83
66	2.1
69	2.38
63	1.93
64	1.81
70	2.38
72	2.6
51	1.08
62	1.87
67	2.08
63	1.78
72	2.78
74	2.77
64	1.88
55	1.42
65	1.94
72	3
79	3.49
62	1.77
79	3.53
81	4.45
59	1.33
66	1.97
72	2.79
76	3.14
82	3.89
74	3.07
71	2.58
79	3.73
71	2.79
79	3.62
75	3.52
82	4.91
64	1.94
79	4.45
80	4.14
72	2.99
69	2.39
78	3.33
87	5.89
71	2.97
74	3.3
76	3.65
75	3.53
64	2.26
66	2.48
87	4.64
65	2.19
93	7.23
80	3.95
77	3.82
68	2.37
59	1.79
76	3.66
71	3.28
84	4.37
80	3.97
87	4.85
70	2.52
78	4.07
72	2.47
82	3.92
86	4.6
82	3.99
88	4.85
67	2.23
73	2.8
77	3.48
88	5.52
64	1.7
82	3.95
75	2.78
81	3.74
72	2.43
87	4.62
78	3.34
89	5.78
88	4.51
85	3.46
72	2.08
80	5.94
72	2.68
85	4.46
60	1.41
65	1.82
76	2.2
86	4.59
72	2.42
75	3.03
100	7.05
75	2.56
68	2.04
73	2.54
73	2.62
70	2.28
67	1.92
88	4.84
84	4.11
76	3.13
65	1.64
69	2.17
67	1.93
76	3.04
82	3.71
77	2.61
65	1.68
78	3.23
70	2.16
65	1.73
68	1.93
74	2.64
83	3.97
76	3.03
67	1.64
67	2.04
64	1.65
89	4.7
68	2.02
71	2.38
79	3.34
88	5.07
72	2.41
68	2.11
66	1.83
65	1.89
71	2.22
97	9.15
76	4.05
66	2.32
88	6.17
90	7.29
74	2.93
73	3.27
66	2.41
73	4.32
80	4.19
74	3.84
67	2.63
70	2.79
70	3.27
70	2.93
90	6.71
78	4.5
65	1.96
75	3.48
80	4.83
87	6.64
80	4.06
81	4.55
75	3.73
80	4.57
72	3.61
83	6.66
80	4.3
80	4.71
90	7.29
82	5.72
82	5.22
75	3.41
75	3.6
78	3.94
65	2.41
94	7.56
74	3.74
85	5.3
75	3.55
35	0.43
78	4.49
75	3.18
70	2.82
72	3.04
77	3.48
74	3.56
81	4.34
76	3.98
77	4.38
74	3.54
76	3.64
87	6.08
86	5.57
76	3.64
84	4.71
77	4.19
86	5.24
74	3.56
74	3.36
80	3.76
80	4.05
75	3.78
78	4.13
76	3.86
78	4.16
74	3.2
72	2.92
87	5.79
83	5.02
74	3.26
77	3.9
88	6.4
72	2.95
76	3.28
70	2.98
58	1.68
87	2.04
81	3.62
83	6.19
87	4.84
74	3.5
75	3.45
77	3.12
87	4.88
74	2.85
74	3.22
83	3.69
92	5.7
77	3.46
74	3.55
77	3.48
74	3.19
75	3.37
77	3.09
77	3.38
82	4.38
74	2.71
75	2.96
80	3.25
86	5.12
78	3.57
86	4.35
83	3.98
82	4.03
79	3.34
72	2.92
106	11.7
102	10.53
91	7.14
96	9.59
96	8.35
96	7.79
88	5.78
97	8.37
94	7.73
87	5.08
88	5.7
89	6.35
84	7.65
79	5.49
84	5.13
82	4.32
87	5.36
86	6.2
81	5.23
84	4.7
91	6.1
86	4.9
78	4.59
105	7.63
80	3.82
95	7
89	6.22
97	6.71
95	7.09
100	8.09
91	6.05
72	3.24
84	4.74
85	4.85
78	4.01
85	5.11
80	3.94
72	3.25
73	3.01
71	2.73
71	2.64
80	4.35
80	3.66
90	5.45
78	3.16
86	5.86
73	3
92	5.78
81	3.97
85	4.25
78	3.2
97	7.21
71	2.83
89	5.17
74	3.23
78	4.23
80	3.98
75	3.71
82	3.88
80	4.58
81	4.2
77	3.44
80	4
81	4.02
88	5.42
74	2.83
81	3.85
85	4.59
76	3.45
73	2.88
99	9.41
87	5.62
107	9.45
101	8.56
106	9.67
95	7.51
101	7.76
108	10.89
96	9.11
100	7.44
91	5.86
77	3.8
99	7.83
51	1.03
111	12.29
98	8.32
97	7.84
112	11.84
108	11.6
93	6.12
76	3.76
97	6.82
96	7.35
97	7.95
47	0.91
51	1.08
106	9.62
99	7.36
48	0.96
82	4.5
116	12.79
110	10.72
97	7.28
119	19.03
93	6.93
97	7.3
102	9.26
108	9.84
92	6.67
87	5.4
94	6.99
84	4.86
84	4.71
99	6.99
103	9.48
96	7.1
55	0.93
42	0.54
41	0.45
53	1.15
82	4.28
87	5.02
85	5.28
46	0.81
41	0.51
41	0.55
88	5.84
88	5.44
82	4.55
82	4.55
99	7.43
99	7.1
105	10.14
100	8.48
88	5.29
86	5.13
85	4.8
98	7.23
94	6.81
82	4.02
90	5.73
99	7.5
98	7.58
93	5.59
104	10.09
33	0.26
56	1.27
46	0.68
37	0.41
87	4.49
108	11.76
107	12.17
89	5.96
110	9.59
99	8
82	4.25
41	0.5
56	1.35
40	0.45
48	0.85
115	15.4
121	15.3
112	14
116	16.2
109	11.8
122	13.8
113	13.5
112	11.8
112	12.5
112	12.4
114	12.9
119	15
107	11.78
85	5.54
107	12.56
97	8.95
86	5.59
45	0.66
82	5.67
51	0.9
47	0.87
94	8.84
77	3.74
73	3.01
84	5.3
85	5.21
106	11.63
98	9.34
98	10.61
85	5.24
50	0.93
47	0.88
49	0.91
47	0.82
53	0.99
50	0.95
49	0.83
102	9.55
50	0.78
47	0.66
81	4.48
46	0.69
108	12.48
52	0.95
51	0.92
80	3.89
85	6.3
48	0.83
51	0.86
81	4.1
46	0.73
79	3.86
50	0.96
47	0.7
90	6.62
45	0.6
46	0.7
47	0.72
90	6.07
52	0.9
57	1.42
78	3.6
48	0.83
46	0.71
77	3.36
56	1.29
50	0.89
49	0.73
46	0.72
51	1.07
46	0.74
85	5.88
88	6.73
74	2.75
50	0.91
55	1.07
50	0.86
87	5.65
74	3.52
48	0.81
52	0.93
50	0.84
48	0.85
66	2.32
50	0.86
50	0.93
55	1.16
50	0.88
101	12.77
107	12.12
113	14.36
38	0.51
117	15.8
113	15.18
99	9.25
95	8.16
115	14.99
93	8.58
102	11.78
108	14.07
87	5.78
93	6.99
93	7.72
94	7.15
92	7.35
91	8.63
93	8.35
90	7.11
86	4.92
92	7.44
86	4.74
90	7.03
86	5.08
89	5.75
87	6.45
87	5.42
87	5.96
90	5.68
77	3.84
63	1.79
58	1.55
57	1.4
110	12.8
108	11.1
117	14.8
115	14.8
115	10.9
108	12
113	14.2
112	13.8
116	15.37
121	14.32
111	11.19
113	13.3
111	14.57
107	11.01
107	9.51
90	5.63
65	1.76
103	9.87
116	15.97
72	2.59
52	1
105	8.73
94	7.23
73	2.53
98	8.87
114	12.32
107	10.4
64	1.68
93	6.08
85	4.53
69	2.49
60	1.33
71	2.55
73	3.13
90	5.31
93	4.81
60	1.5
74	2.69
72	2.85
84	4.47
60	1.59
74	3.11
72	2.56
72	2.48
83	4.36
98	8.47
87	5.33
91	5.05
88	3.86
115	8.84
95	6.52
91	6.05
71	2.46
63	1.56
70	2.04
92	5.77
101	9.04
68	2.1
71	2.22
100	5.7
92	5.74
83	3.8
65	1.72
78	3
70	2.31
65	1.96
67	1.86
82	4.23
95	5.9
68	2.31
65	1.99
90	5
67	1.95
111	11.89
90	5.33
68	2.38
61	1.47
61	1.35
60	1.59
67	1.9
98	9.04
82	5.15
107	9.9
84	4.89
90	5.35
92	5.96
92	5.33
84	4.27
86	4.84
60	1.55
82	3.95
67	2.1
84	4
79	3.21
75	2.91
77	2.37
65	1.86
71	2.39
70	2.23
83	3.64
68	2.32
73	2.7
74	2.61
71	2.46
77	2.88
67	1.78
73	2.52
73	2.72
69	2.11
69	2.22
78	3.13
66	1.79
67	2
65	2.05
76	3.31
61	1.78
66	2.15
65	2.01
69	2.7
73	3.16
68	2.26
74	2.76
70	2.35
68	2.44
72	2.75
68	2.4
68	2.27
71	2.75
64	2.11
64	2
67	2.37
72	2.95
67	2.5
69	2.49
66	1.96
62	1.95
62	1.86
62	1.79
67	1.96
57	1.42
61	1.62
58	1.63
54	1.17
77	2.74
92	4.79
92	5.4
102	8.75
87	4.83
72	2.43
72	2.39
90	5.34
86	4.33
102	7.93
89	5.18
79	3.57
72	2.43
62	1.97
100	6.95
94	5.93
72	2.59
83	3.64
82	3.93
79	3.46
62	1.54
97	5.89
96	6.04
86	4.48
92	5.49
77	3.12
91	4.9
89	5.32
92	5.73
81	3.8
96	5.41
99	6.3
91	5.15
76	2.82
108	8.69
91	4.53
93	5.33
86	4.26
81	3.04
77	2.92
77	2.92
68	1.96
109	10.12
88	3.8
76	2.58
82	3.39
74	2.72
69	1.89
114	11.08
91	5
78	3.36
77	2.87
87	3.89
76	2.89
82	3.32
74	2.6
83	4.09
79	2.85
79	3.18
91	5.17
77	3.69
85	5.04
72	2.96
66	2.16
77	4.04
75	3.39
68	2.52
78	3.91
78	3.37
76	3.43
73	3.08
64	1.84
101	9.75
66	2.11
73	3.35
65	1.93
92	6.81
82	4.38
77	4.07
71	2.71
63	1.88
71	3.07
67	2.37
61	1.64
62	1.75
70	2.59
95	7.61
87	5.36
63	1.98
75	3.18
85	5.09
94	7.85
76	3.69
66	2.42
75	3.95
65	2.14
65	2.46
76	3.87
81	4.96
85	5.25
82	4.72
78	4.44
81	4.94
57	1.52
37	0.47
63	2.06
65	2.31
85	5.67
95	6.08
88	6.17
68	2.74
66	2.46
55	1.23
45	0.64
40	0.41
37	0.31
105	9.55
85	5.11
82	3.91
70	2.61
67	2.28
40	0.5
35	0.33
115	13.87
116	11.91
119	13.32
107	10.26
122	15.75
103	9
110	9.72
110	11.01
107	8.38
105	8.61
95	6.29
80	3.52
82	3.82
72	2.91
71	2.55
97	8.03
113	11.05
100	7.2
97	6.63
110	11.29
91	5.78
92	6.34
100	6.95
99	6.18
115	4.95
119	10.61
135	20.58
75	3.29
95	2.26
68	2.16
75	2.84
80	4.71
109	16.17
156	47.5
125	24.51
159	46.93
148	39.73
125	25.15
64	2.52
87	7.24
127	22.38
80	4.85
122	19.24
88	8.33
113	17.43
71	3.7
71	3.54
106	13.89
88	7.08
142	24.5
103	12.09
157	46.43
108	14.3
135	23.23
84	5.16
53	0.81
51	0.74
92	5.52
121	12.65
115	12.35
107	8.65
126	15.99
117	11.68
98	6.5
79	3.24
97	6.88
110	9.26
139	22.09
115	12.79
110	9.13
87	4.44
108	8.81
98	7.05
102	7.2
66	1.16
94	5.23
81	3.46
90	5.04
82	3.59
61	1.52
132	16.49
125	14.12
89	4.88
131	17.59
144	24.12
82	3.4
107	7.3
123	14.2
99	6
86	4.55
94	5.7
82	3.68
108	8.72
133	16.44
78	3.11
95	5.77
91	5.15
98	6.36
92	5.32
100	7.29
83	3.74
98	6.7
96	6.22
83	3.82
107	7.76
82	3.65
88	4.56
100	6.71
78	3.29
83	3.95
61	1.97
153	40.87
124	20.63
97	8.84
94	7.41
105	11.57
103	11.42
98	8.86
73	2.78
23	0.11
23	0.12
24	0.14
90	6.53
61	13.32
98	9.18
90	6.05
87	5.24
101	8.47
85	5.2
70	3.01
119	17.75
117	18.18
97	8.65
110	12.12
96	8.42
113	14.88
83	4.28
98	9.29
85	4.74
87	5.51
87	5.18
100	8.44
77	3.92
139	26.04
108	11.36
110	12.02
134	29.73
115	15.48
99	8.4
96	8.18
108	13.02
93	6.8
150	32.31
130	23.03
139	25.31
120	14.89
